t, omega_1,     omega_2,    omega_3,    omega_4,     M1,     M2,     M3,    M4,     Vx_o,       Vy_o,   dpsi,    x0,       y0,         psi 
  0.1000  -0.0000  -0.0122  -0.0000   0.0000   0.0710  -0.0935  -0.0000  -0.0095  -0.0002  -0.0002  -0.0004  -0.0000  -0.0000  -0.0000 
  0.2000  -4.1989   4.3326  -4.9000   5.1067  -1.6731   1.6195  -1.5650   1.5225   0.0043  -0.0184   0.6019   0.0004  -0.0019   0.0601 
  0.3000  -3.4085   3.2505  -2.9587   3.0762  -1.0872   0.9859  -0.4942   0.2398  -0.0005   0.0078   0.4121   0.0003  -0.0011   0.1014 
  0.4000  -4.1989   4.5596  -4.4501   4.3691  -1.1400   0.7937  -0.6483   0.5592   0.0035  -0.0008   0.5707   0.0007  -0.0011   0.1584 
  0.5000  -2.9465   2.6142  -2.8006   2.0792  -0.8535   0.6700  -0.3532   0.4466  -0.0132   0.0085   0.3390  -0.0008  -0.0005   0.1923 
  0.6000  -3.9922   3.9070  -3.5869   3.9800  -0.7522   1.0993  -0.7392   0.8829   0.0039   0.0042   0.5021  -0.0005  -0.0000   0.2425 
  0.7000  -2.5898   2.6020  -2.6506   2.7033  -0.6492   0.7011  -0.4449   0.3921   0.0008  -0.0020   0.3424  -0.0003  -0.0002   0.2768 
  0.8000  -3.3437   3.6963  -4.0894   3.2991  -0.9322   0.7652  -0.2225   0.7487  -0.0055  -0.0044   0.4685  -0.0007  -0.0008   0.3236 
  0.9000  -2.6506   2.6749  -1.6171   2.3507  -0.5514   0.7565  -0.5765   0.5583   0.0095   0.0170   0.3017  -0.0004   0.0012   0.3538 
  1.0000  -3.4410   3.0397  -3.8665   4.1867  -0.8327   0.8102  -0.8915   0.5626  -0.0010  -0.0197   0.4719   0.0002  -0.0007   0.4010 
  1.1000  -2.6182   2.8816  -2.5777   1.9616  -0.7972   0.6933  -0.1047   0.4094  -0.0044   0.0120   0.3259  -0.0007   0.0002   0.4336 
  1.2000  -3.3964   3.6274  -3.3680   3.5869  -0.6310   0.6431  -0.6769   0.7297   0.0056   0.0009   0.4539  -0.0002   0.0005   0.4790 
  1.3000  -2.3953   2.0103  -2.5412   2.3953  -0.6873   0.7600  -0.5531   0.5141  -0.0066  -0.0066   0.3033  -0.0005  -0.0004   0.5093 
  1.4000  -3.4531   3.6031  -3.3680   3.9800  -0.9201   1.0318  -0.5920   0.5367   0.0095  -0.0036   0.4677   0.0005  -0.0002   0.5561 
  1.5000  -2.8573   2.4439  -2.9830   1.9616  -0.7089   0.6111  -0.1731   0.5453  -0.0179   0.0045   0.3327  -0.0012  -0.0008   0.5893 
  1.6000  -3.1248   3.3113  -2.8735   3.8341  -0.6249   1.1642  -0.5860   0.8058   0.0143  -0.0034   0.4267   0.0001  -0.0003   0.6320 
  1.7000  -2.7357   2.3102  -2.6304   2.7884  -0.9867   1.0032  -0.6509   0.3653  -0.0033  -0.0047   0.3398   0.0001  -0.0009   0.6660 
  1.8000  -3.4693   4.4137  -3.4531   3.1248  -0.9876   0.6578  -0.4484   0.8102   0.0077   0.0163   0.4695  -0.0003   0.0009   0.7129 
  1.9000  -2.5534   2.5817  -3.0762   2.6304  -0.5972   0.2986  -0.4466   0.4761  -0.0052  -0.0071   0.3520  -0.0002   0.0000   0.7481 
  2.0000  -3.2343   2.8330  -3.0154   3.1978  -0.8335   1.0898  -0.5808   0.5981  -0.0027  -0.0018   0.3987  -0.0003  -0.0003   0.7880 
  2.1000  -2.8330   3.1410  -2.7965   3.1410  -0.8742   0.8266  -0.6033   0.4605   0.0082   0.0005   0.3867   0.0003   0.0003   0.8267 
  2.2000  -2.9424   3.0762  -3.5261   2.7520  -1.0716   0.6630  -0.3757   0.6448  -0.0080  -0.0032   0.3992  -0.0000  -0.0005   0.8666 
  2.3000  -3.2748   3.1856  -2.9181   2.8938  -0.6622   0.7937  -0.4111   0.6059  -0.0014   0.0081   0.3985  -0.0007  -0.0001   0.9065 
  2.4000  -2.9951   2.6182  -2.8127   3.1897  -0.5695   0.8543  -0.6007   0.5609   0.0000  -0.0049   0.3771  -0.0003  -0.0004   0.9442 
  2.5000  -2.7520   3.2343  -2.9830   3.0802  -0.9919   0.6847  -0.4527   0.5739   0.0072  -0.0010   0.3912   0.0002   0.0002   0.9833 
  2.6000  -3.1978   3.0640  -3.1289   3.0519  -0.9184   0.6596  -0.5410   0.4345  -0.0026   0.0010   0.4040  -0.0001  -0.0000   1.0237 
  2.7000  -3.0883   2.6749  -2.8492   2.7884  -0.7158   0.8742  -0.5219   0.5912  -0.0059   0.0016   0.3702  -0.0005  -0.0004   1.0607 
  2.8000  -3.0073   3.1978  -3.2140   3.4693  -0.8483   0.9175  -0.4622   0.5263   0.0056  -0.0060   0.4185   0.0003  -0.0002   1.1025 
  2.9000  -2.9830   3.0438  -3.2505   2.4075  -0.8898   0.7167  -0.1515   0.5886  -0.0098   0.0046   0.3794  -0.0006  -0.0009   1.1405 
  3.0000  -3.3558   3.1654  -2.5939   2.9424  -0.4337   0.8630  -0.5548   0.7963   0.0020   0.0123   0.3915  -0.0016  -0.0002   1.1796 
  3.1000  -2.5939   2.9789  -3.0438   3.6112  -0.6596   0.6795  -0.6336   0.5635   0.0119  -0.0135   0.3970   0.0001   0.0004   1.2193 
  3.2000  -3.1532   2.8979  -3.1735   2.6790  -0.9902   0.7756  -0.3783   0.4259  -0.0094   0.0025   0.3865  -0.0005  -0.0004   1.2580 
  3.3000  -3.1127   3.2626  -2.9060   3.1370  -0.5574   0.7011  -0.4189   0.6821   0.0048   0.0042   0.4032  -0.0007   0.0002   1.2983 
  3.4000  -2.7520   2.5453  -2.9708   3.0073  -0.7236   0.7868  -0.5756   0.5886  -0.0021  -0.0085   0.3661   0.0001  -0.0003   1.3349 
  3.5000  -3.1532   3.6233  -3.3194   3.2221  -0.9270   0.7427  -0.3800   0.5401   0.0047   0.0029   0.4324  -0.0001   0.0002   1.3781 
  3.6000  -2.6871   2.7479  -3.3599   2.4723  -0.7816   0.5159  -0.1056   0.5955  -0.0103  -0.0050   0.3658   0.0002  -0.0009   1.4147 
  3.7000  -3.1248   3.1127  -2.6020   3.0519  -0.7626   1.1045  -0.4553   0.6959   0.0055   0.0073   0.3861  -0.0005  -0.0002   1.4533 
  3.8000  -2.7965   3.0519  -2.8127   3.3113  -0.8820   0.7530  -0.7011   0.5254   0.0094  -0.0034   0.3887  -0.0000   0.0007   1.4922 
  3.9000  -3.1167   2.8938  -3.4693   2.7398  -1.0802   0.8275  -0.4060   0.5799  -0.0119  -0.0025   0.3967   0.0001  -0.0005   1.5319 
  4.0000  -2.9424   3.3721  -2.9424   3.3315  -0.8154   0.8102  -0.2380   0.5003   0.0102   0.0005   0.4087   0.0001   0.0005   1.5728 
  4.1000  -3.1289   2.6912  -2.6385   2.7965  -0.8950   0.7877  -0.6760   0.4181  -0.0035   0.0048   0.3654  -0.0004   0.0002   1.6093 
  4.2000  -3.3599   3.5382  -3.1654   3.2018  -0.7981   0.5773  -0.6397   0.7020   0.0027   0.0066   0.4307  -0.0010   0.0004   1.6524 
  4.3000  -2.6628   2.7601  -3.3194   2.5331  -0.7807   0.4276  -0.3332   0.7253  -0.0086  -0.0054   0.3661  -0.0004  -0.0004   1.6890 
  4.4000  -3.4328   2.8979  -2.7763   3.1370  -0.5903   1.0127  -0.6206   0.7773  -0.0022   0.0052   0.3975  -0.0009  -0.0007   1.7287 
  4.5000  -2.7033   3.1491  -2.9424   3.5261  -0.7020   0.6128  -0.6085   0.5929   0.0129  -0.0077   0.4000  -0.0004   0.0007   1.7687 
  4.6000  -3.0032   2.7722  -3.3923   2.7763  -0.9859   0.6821  -0.4068   0.4423  -0.0106  -0.0049   0.3878   0.0003  -0.0002   1.8075 
  4.7000  -3.2383   3.0438  -2.7276   3.1775  -0.6743   0.9573  -0.3713   0.5704   0.0032   0.0047   0.3957  -0.0002  -0.0000   1.8471 
  4.8000  -2.8371   2.5696  -2.8857   3.0559  -0.8621   0.9573  -0.5721   0.5782  -0.0012  -0.0067   0.3684   0.0005   0.0000   1.8839 
  4.9000  -3.3194   3.8665  -3.1370   3.1897  -0.9140   0.6189  -0.3956   0.5765   0.0075   0.0107   0.4387  -0.0008   0.0004   1.9278 
  5.0000  -2.6790   2.4480  -3.4896   2.3223  -0.7219   0.5237  -0.2043   0.7626  -0.0175  -0.0086   0.3552   0.0006  -0.0009   1.9633 
  5.1000  -2.9668   3.2140  -2.5817   3.1370  -0.8266   1.2542  -0.4588   0.9028   0.0100   0.0058   0.3863  -0.0003  -0.0002   2.0019 
  5.2000  -3.1127   3.3356  -2.9343   3.5017  -0.8413   0.6474  -0.7262   0.4778   0.0099   0.0002   0.4183  -0.0007   0.0007   2.0438 
  5.3000  -3.1978   2.8938  -3.1491   2.5574  -0.7427   0.5496  -0.4977   0.6111  -0.0112   0.0048   0.3831  -0.0006  -0.0006   2.0821 
  5.4000  -3.3721   2.9222  -2.7763   3.3558  -0.3601   0.8716  -0.6873   0.7401   0.0016   0.0020   0.4035  -0.0009  -0.0005   2.1224 
  5.5000  -2.8816   2.6060  -2.9303   3.1775  -0.5972   0.8344  -0.5946   0.6397  -0.0004  -0.0078   0.3765  -0.0002  -0.0001   2.1601 
  5.6000  -3.0194   3.4531  -3.3072   3.1654  -0.8188   0.7002  -0.3549   0.6241   0.0036   0.0000   0.4203  -0.0004   0.0002   2.2021 
  5.7000  -2.8087   3.0762  -3.3072   2.6142  -0.6881   0.4813  -0.1757   0.6483  -0.0053  -0.0005   0.3833  -0.0001  -0.0002   2.2404 
  5.8000  -2.3223   2.5047  -2.4966   3.0276  -1.0404   1.1287  -0.6379   0.6907   0.0089  -0.0087   0.3361   0.0001   0.0010   2.2740 
  5.9000  -3.6477   3.5544  -3.1289   3.3680  -1.1555   0.9192  -0.7859   0.4813   0.0018   0.0088   0.4448  -0.0007   0.0006   2.3185 
  6.0000  -3.1613   2.6182  -3.3558   2.4480  -0.5825   0.6448  -0.3021   0.7236  -0.0181  -0.0003   0.3761   0.0005  -0.0007   2.3561 
  6.1000  -3.2626   3.3558  -2.5939   3.4572  -0.5436   0.9902  -0.5289   0.7392   0.0120   0.0071   0.4113  -0.0008  -0.0004   2.3973 
  6.2000  -3.0073   2.6425  -2.8695   3.2099  -0.6829   0.6725  -0.7245   0.4510  -0.0003  -0.0054   0.3808  -0.0004  -0.0000   2.4353 
  6.3000  -3.2626   3.0883  -3.1410   2.8695  -0.7868   0.7773  -0.4839   0.7089  -0.0056   0.0043   0.4013  -0.0003  -0.0007   2.4755 
  6.4000  -2.8938   3.2707  -3.1491   2.9424  -0.5799   0.5306  -0.3653   0.8500   0.0021   0.0009   0.3979  -0.0005  -0.0006   2.5153 
  6.5000  -2.6385   2.5817  -2.7520   2.9465  -0.7643   0.8292  -0.6760   0.7297   0.0017  -0.0060   0.3545  -0.0003  -0.0001   2.5507 
  6.6000  -3.1654   3.3234  -3.2829   3.5544  -0.9331   0.8387  -0.5444   0.5522   0.0054  -0.0044   0.4327  -0.0005   0.0006   2.5940 
  6.7000  -2.9708   2.8735  -3.4045   2.5817  -0.8171   0.6466  -0.1290   0.5271  -0.0115  -0.0018   0.3841   0.0006   0.0002   2.6324 
  6.8000  -3.1370   2.9060  -2.3953   2.9587  -0.6717   1.0915  -0.5254   0.7773   0.0042   0.0086   0.3700  -0.0002  -0.0004   2.6694 
  6.9000  -3.2707   2.8695  -3.1532   3.4815  -0.6873   0.9218  -0.6327   0.5895  -0.0009  -0.0062   0.4148   0.0002   0.0001   2.7109 
  7.0000  -2.8857   3.6233  -2.8492   2.8573  -0.7660   0.5886  -0.3159   0.5730   0.0093   0.0100   0.3966  -0.0011  -0.0004   2.7505 
  7.1000  -3.1046   3.1897  -3.1410   2.8006  -0.6371   0.3133  -0.6076   0.6725  -0.0032   0.0044   0.3973  -0.0010  -0.0009   2.7903 
  7.2000  -2.7520   2.3629  -2.9911   2.9303  -0.6587   0.8206  -0.5843   0.7530  -0.0056  -0.0101   0.3583  -0.0001  -0.0002   2.8261 
  7.3000  -3.2586   3.2950  -3.1370   3.6639  -0.7678   0.8803  -0.4388   0.5090   0.0070  -0.0031   0.4336  -0.0007   0.0003   2.8695 
  7.4000  -2.8735   2.9343  -3.0438   2.1926  -0.7279   0.4787  -0.3566   0.7002  -0.0099   0.0071   0.3586   0.0001  -0.0006   2.9053 
  7.5000  -3.2505   3.0438  -2.7722   3.1167  -0.4873   0.8638  -0.7444   1.0352   0.0017   0.0051   0.3956  -0.0002  -0.0011   2.9449 
  7.6000  -2.9587   2.8735  -3.0924   3.6233  -0.5358   0.6769  -0.6379   0.5895   0.0056  -0.0110   0.4074  -0.0005   0.0001   2.9856 
  7.7000  -2.9465   2.9668  -3.2829   2.8330  -0.8483   0.6855  -0.2285   0.5548  -0.0054  -0.0025   0.3906   0.0000   0.0003   3.0247 
  7.8000  -3.0397   3.5504  -2.9830   3.0681  -0.6405   0.5721  -0.3332   0.6102   0.0074   0.0067   0.4104  -0.0008  -0.0003   3.0657 
  7.9000  -2.2413   2.0832  -2.5412   2.8452  -1.0032   0.8898  -0.7600   0.5583   0.0018  -0.0133   0.3153  -0.0009   0.0010   3.0972 
  8.0000  -3.8098   3.5504  -3.2261   3.5423  -1.1400   1.0733  -0.7193   0.4925   0.0007   0.0074   0.4587  -0.0010   0.0003   3.1431 
  8.1000  -2.9222   3.0032  -3.0073   2.2291  -0.6769   0.4207  -0.3826   0.7730  -0.0087   0.0086   0.3624  -0.0001  -0.0006   3.1794 
  8.2000  -3.5058   3.0519  -3.0762   3.4774  -0.5462   0.8863  -0.6942   0.8067  -0.0007   0.0001   0.4257  -0.0000  -0.0006   3.2219 
  8.3000  -2.9060   2.6182  -2.6385   3.2869  -0.5886   0.8024  -0.6258   0.4432   0.0045  -0.0050   0.3717  -0.0005  -0.0001   3.2591 
  8.4000  -3.0397   3.8949  -3.3964   2.9546  -0.9772   0.3107  -0.4111   0.7132   0.0052   0.0073   0.4313  -0.0009  -0.0009   3.3022 
  8.5000  -2.7844   2.5777  -2.8695   2.6020  -0.6128   0.3410  -0.6327   0.6700  -0.0059  -0.0014   0.3517  -0.0004  -0.0007   3.3374 
  8.6000  -3.0397   2.6871  -3.1735   3.3194  -0.7842   0.9668  -0.6760   0.7859  -0.0026  -0.0096   0.3967  -0.0003   0.0003   3.3771 
  8.7000  -3.0276   3.1856  -3.0640   3.1775  -0.7946   0.7530  -0.4233   0.5306   0.0034  -0.0004   0.4044  -0.0006   0.0003   3.4175 
  8.8000  -2.9343   3.2383  -3.1856   2.8209  -0.8240   0.5176  -0.3696   0.6206  -0.0008   0.0021   0.3954  -0.0005   0.0001   3.4571 
  8.9000  -3.1248   2.7965  -2.6506   2.8006  -0.7054   0.7253  -0.6604   0.7072  -0.0022   0.0059   0.3692  -0.0001  -0.0004   3.4940 
  9.0000  -3.2707   2.7965  -3.3923   3.6598  -0.5938   0.8846  -0.5765   0.5211  -0.0026  -0.0123   0.4260  -0.0003   0.0009   3.5366 
  9.1000  -2.5696   3.7125  -2.8857   2.5412  -0.9521   0.4371  -0.1047   0.5548   0.0100   0.0107   0.3802  -0.0008  -0.0005   3.5746 
  9.2000  -3.1127   2.7965  -2.9546   3.2018  -0.7686   0.4484  -0.7565   0.5116  -0.0009  -0.0031   0.3917  -0.0009  -0.0002   3.6138 
  9.3000  -3.1046   2.6547  -2.9060   2.9222  -0.7522   0.7859  -0.5773   0.5773  -0.0054  -0.0009   0.3762  -0.0004   0.0001   3.6514 
  9.4000  -3.2261   3.2707  -3.0640   3.1248  -0.6570   0.6864  -0.4994   0.6674   0.0013   0.0039   0.4119  -0.0004  -0.0003   3.6926 
  9.5000  -2.9668   3.1735  -3.0073   2.6547  -0.6059   0.3506  -0.4942   0.7894  -0.0018   0.0060   0.3832   0.0001  -0.0007   3.7309 
  9.6000  -2.7520   2.7276  -2.9100   2.9789  -0.6760   0.6578  -0.7660   0.8915   0.0006  -0.0051   0.3691  -0.0002  -0.0003   3.7678 
  9.7000  -3.3477   2.9830  -3.2221   3.6639  -0.6873   0.8335  -0.6492   0.4968   0.0010  -0.0069   0.4291  -0.0007   0.0002   3.8107 
  9.8000  -2.4804   3.4045  -3.3477   2.6385  -0.9712   0.3393  -0.1246   0.5799   0.0027  -0.0013   0.3854  -0.0010   0.0002   3.8493 
  9.9000  -2.9424   3.0194  -2.9181   3.0559  -0.9028   0.5462  -0.5401   0.4397   0.0027  -0.0002   0.3875  -0.0012  -0.0000   3.8880 
 10.0000  -2.8735   2.3629  -2.7357   2.9181  -1.0439   0.9400  -0.7401   0.5038  -0.0041  -0.0052   0.3536  -0.0013   0.0007   3.9234 
 10.1000  -3.4936   3.3802  -3.3113   3.0397  -1.0621   0.9954  -0.5133   0.7124  -0.0048   0.0065   0.4294  -0.0005   0.0005   3.9663 
 10.2000  -2.7965   3.1654  -3.0194   2.6020  -0.7790   0.5566  -0.3757   0.8318  -0.0006   0.0043   0.3761  -0.0001   0.0003   4.0039 
 10.3000  -3.1289   3.1289  -2.8938   3.6031  -0.8076   0.7781  -0.7323   0.5245   0.0089  -0.0030   0.4141  -0.0009  -0.0002   4.0453 
 10.4000  -3.1978   3.0519  -2.9060   2.9587  -0.8162   0.5064  -0.6656   0.3532  -0.0012   0.0048   0.3933  -0.0005  -0.0004   4.0847 
 10.5000  -2.9181   3.1046  -3.4936   2.6060  -0.8742   0.4536  -0.4293   0.8093  -0.0088  -0.0010   0.3936  -0.0000   0.0004   4.1240 
 10.6000  -3.2261   3.0154  -2.7357   3.1613  -0.5418   0.6474  -0.5929   0.6284   0.0027   0.0043   0.3941   0.0002  -0.0001   4.1634 
 10.7000  -2.8614   2.5777  -2.8816   3.2018  -0.6959   0.6933  -0.7427   0.5765   0.0005  -0.0081   0.3741  -0.0005   0.0003   4.2008 
 10.8000  -2.9424   3.4936  -3.0802   3.1046  -0.9989   0.5341  -0.5721   0.5687   0.0072   0.0031   0.4098  -0.0006  -0.0005   4.2418 
 10.9000  -2.8695   2.8087  -3.3964   2.8614  -0.9270   0.4155  -0.4544   0.4925  -0.0074  -0.0072   0.3875  -0.0009   0.0005   4.2806 
 11.0000  -3.1046   2.9424  -2.8209   2.8735  -0.8301   0.8993  -0.4717   0.5834  -0.0014   0.0044   0.3812  -0.0004   0.0004   4.3187 
 11.1000  -3.0032   3.1654  -3.2383   3.3315  -0.8067   0.6890  -0.4683   0.4968   0.0032  -0.0050   0.4136  -0.0010   0.0003   4.3601 
 11.2000  -2.9587   3.0559  -2.6993   2.7965  -0.9426   0.6059  -0.4259   0.4077   0.0024   0.0065   0.3737  -0.0005  -0.0001   4.3974 
 11.3000  -3.4815   2.8614  -2.8979   3.2261  -0.6777   0.6925  -0.7582   0.4804  -0.0036   0.0027   0.4048  -0.0001   0.0001   4.4379 
 11.4000  -3.0883   2.7479  -2.7479   3.1370  -0.6102   0.7245  -0.6180   0.4830   0.0006  -0.0006   0.3806  -0.0002   0.0001   4.4760 
 11.5000  -2.9951   3.4531  -3.3842   2.8573  -0.8734   0.4752  -0.4103   0.7236  -0.0009   0.0026   0.4120   0.0001   0.0001   4.5172 
 11.6000  -2.8573   3.1127  -3.0681   2.5777  -0.6431   0.3540  -0.4285   0.7981  -0.0029   0.0041   0.3771   0.0005   0.0003   4.5549 
 11.7000  -2.7520   2.6993  -2.8735   3.2626  -0.7496   0.7444  -0.7314   0.7392   0.0042  -0.0086   0.3762  -0.0004   0.0001   4.5925 
 11.8000  -3.2140   3.1775  -3.3437   3.3842  -0.8612   0.6985  -0.5038   0.4527   0.0001  -0.0042   0.4260  -0.0008   0.0001   4.6351 
 11.9000  -2.8695   3.1532  -2.8371   2.5777  -0.7513   0.4397  -0.3644   0.6050   0.0003   0.0076   0.3713  -0.0001   0.0000   4.6722 
 12.0000  -3.1127   2.8249  -3.0194   3.4936  -0.7253   0.7132  -0.7279   0.5003   0.0023  -0.0072   0.4042  -0.0008  -0.0002   4.7126 
 12.1000  -2.6668   2.3142  -2.6182   2.9668  -1.0863   1.0439  -0.6665   0.3731  -0.0001  -0.0075   0.3431  -0.0015  -0.0002   4.7470 
 12.2000  -3.4815   3.9800  -3.7571   2.8209  -1.2196   0.6474  -0.3679   0.7920  -0.0055   0.0110   0.4558  -0.0005   0.0004   4.7925 
 12.3000  -2.6142   2.7357  -2.9668   2.6304  -0.6803   0.5358  -0.2718   0.6648  -0.0027  -0.0031   0.3554  -0.0008   0.0006   4.8281 
 12.4000  -3.0559   3.1735  -2.9668   3.4572  -1.0326   0.9937  -0.5843   0.5401   0.0076  -0.0024   0.4108  -0.0009  -0.0001   4.8692 
 12.5000  -3.0802   3.2140  -2.8492   2.9181  -0.9885   0.6197  -0.5384   0.3557   0.0025   0.0066   0.3916  -0.0003  -0.0003   4.9083 
 12.6000  -3.2221   3.2707  -3.1978   2.8735  -0.8188   0.4111  -0.5384   0.6137  -0.0034   0.0053   0.4079   0.0002   0.0002   4.9491 
 12.7000  -3.2626   2.4439  -2.5655   2.6425  -0.5263   0.7357  -0.8076   0.7600  -0.0093   0.0062   0.3544   0.0006   0.0012   4.9845 
 12.8000  -3.0883   2.9060  -3.2505   3.9030  -0.6293   0.9487  -0.6890   0.6570   0.0059  -0.0145   0.4269  -0.0006   0.0002   5.0272 
 12.9000  -2.6060   3.1167  -3.1370   2.7520  -1.0872   0.5531  -0.2441   0.3999   0.0016  -0.0021   0.3770  -0.0008   0.0000   5.0649 
 13.0000  -3.0032   3.1005  -3.1248   3.1856  -1.0110   0.7799  -0.4934   0.4406   0.0020  -0.0026   0.4031  -0.0010  -0.0002   5.1052 
 13.1000  -3.0559   2.7276  -2.5939   2.7033  -0.9409   0.9184  -0.6353   0.5289  -0.0027   0.0061   0.3598  -0.0005   0.0002   5.1412 
 13.2000  -3.2950   3.2505  -3.3721   3.5625  -0.8881   0.8595  -0.5618   0.5600   0.0018  -0.0049   0.4377  -0.0009  -0.0001   5.1850 
 13.3000  -2.8330   3.1167  -2.8209   2.6020  -0.9011   0.5228  -0.2744   0.4319   0.0008   0.0066   0.3692  -0.0003   0.0001   5.2219 
 13.4000  -3.2221   2.8452  -2.5817   2.8330  -0.8552   0.8032  -0.9002   0.7773  -0.0016   0.0082   0.3728   0.0004   0.0006   5.2592 
 13.5000  -3.4896   3.1046  -3.2950   3.8422  -0.6189   0.6474  -0.7556   0.4761   0.0020  -0.0068   0.4458  -0.0001   0.0001   5.3038 
 13.6000  -2.4926   3.0924  -3.1775   2.2737  -0.9028   0.3419  -0.2199   0.6232  -0.0038   0.0017   0.3583  -0.0002   0.0005   5.3396 
 13.7000  -3.1127   3.1856  -2.9830   3.2950  -0.7773   0.7072  -0.7028   0.6362   0.0048   0.0003   0.4083   0.0001   0.0001   5.3804 
 13.8000  -2.8006   2.4439  -2.9100   2.8816  -0.8690   0.8015  -0.6751   0.5418  -0.0048  -0.0068   0.3583  -0.0007   0.0001   5.4163 
 13.9000  -3.2505   3.3680  -3.4450   3.3477  -0.8915   0.9140  -0.3661   0.5955   0.0003  -0.0022   0.4354  -0.0009  -0.0001   5.4598 
 14.0000  -2.8614   3.1410  -2.8330   2.7276  -0.7903   0.4856  -0.2848   0.4769   0.0022   0.0055   0.3754  -0.0003   0.0002   5.4974 
 14.1000  -3.0397   2.6385  -2.6547   3.0316  -0.9002   0.8777  -0.8301   0.6137  -0.0003  -0.0001   0.3690  -0.0003   0.0002   5.5343 
 14.2000  -3.1613   2.7763  -2.9951   3.4774  -0.9487   1.0776  -0.7418   0.4380   0.0012  -0.0067   0.4029  -0.0007  -0.0004   5.5745 
 14.3000  -2.9587   3.8300  -3.1897   2.7398  -1.1027   0.4562  -0.3878   0.5635   0.0053   0.0107   0.4129   0.0004   0.0001   5.6158 
 14.4000  -2.7722   2.6790  -3.1978   2.7276  -0.9651   0.5488  -0.5877   0.6241  -0.0070  -0.0059   0.3694  -0.0005   0.0000   5.6528 
 14.5000  -3.2221   2.9587  -2.9587   3.4450  -0.9859   1.0543  -0.5669   0.4639   0.0028  -0.0028   0.4086  -0.0005  -0.0004   5.6936 
 14.6000  -2.9789   3.2343  -3.3477   2.8695  -1.0188   0.6094  -0.2683   0.4025  -0.0028  -0.0001   0.4036  -0.0007  -0.0002   5.7340 
 14.7000  -2.8979   3.2343  -2.8857   2.9465  -0.8950   0.5323  -0.3332   0.4743   0.0050   0.0037   0.3885  -0.0001  -0.0001   5.7728 
 14.8000  -3.5058   2.7114  -2.4318   2.4601  -0.7098   0.6656  -0.9132   0.7565  -0.0096   0.0166   0.3607  -0.0001   0.0018   5.8089 
 14.9000  -2.9465   3.2707  -3.4450   3.9314  -0.4934   0.6059  -0.7781   0.7660   0.0101  -0.0145   0.4414   0.0001   0.0000   5.8530 
 15.0000  -2.5777   2.5453  -3.3356   2.4358  -1.0006   0.5929  -0.1731   0.4155  -0.0117  -0.0081   0.3537  -0.0013  -0.0002   5.8884 
 15.1000  -3.2707   3.1370  -2.8330   3.2829  -0.9037   1.0222  -0.4302   0.6197   0.0040   0.0036   0.4066  -0.0007  -0.0000   5.9291 
 15.2000  -2.9465   2.8249  -2.7276   3.1370  -0.8292   0.7885  -0.6301   0.4354   0.0036  -0.0012   0.3778  -0.0005  -0.0003   5.9668 
 15.3000  -3.0073   3.3356  -3.5017   3.0640  -1.0543   0.6587  -0.3722   0.5306  -0.0014  -0.0028   0.4191  -0.0007  -0.0005   6.0088 
 15.4000  -2.8857   3.3356  -2.9951   2.7844  -0.8517   0.4830  -0.2216   0.4345   0.0030   0.0055   0.3896  -0.0002  -0.0001   6.0477 
 15.5000  -3.0154   2.6790  -2.6912   2.6425  -0.8734   0.7453  -0.7262   0.6864  -0.0048   0.0045   0.3581  -0.0006   0.0005   6.0835 
 15.6000  -3.3558   3.4572  -3.4653   3.7571  -0.7089   0.6682  -0.4951   0.4821   0.0049  -0.0051   0.4557  -0.0002  -0.0001   6.1291 
 15.7000  -2.7357   2.6425  -2.4601   2.0792  -0.7556   0.4977  -0.3990   0.5583  -0.0059   0.0105   0.3220  -0.0006   0.0010   6.1613 
 15.8000  -3.6477   3.0640  -3.1410   3.9151  -0.5566   0.8535  -0.8690   0.7660   0.0024  -0.0043   0.4470  -0.0005   0.0006   6.2060 
 15.9000  -2.7479   2.4237  -2.5534   2.9465  -0.6249   0.6795  -0.5410   0.4060   0.0009  -0.0041   0.3465  -0.0004   0.0002   6.2406 
 16.0000  -3.0762   3.4207  -3.6639   3.2829  -1.0266   0.6561  -0.3731   0.6899  -0.0005  -0.0056   0.4365  -0.0005  -0.0004   6.2843 
