t, omega_1,     omega_2,    omega_3,    omega_4,     M1,     M2,     M3,    M4,     Vx_o,       Vy_o,   dpsi,    x0,       y0,         psi 
  0.1000  -0.0000   0.0000  -0.0000   0.0000   0.0641  -0.1125   0.0346   0.0000   0.0000   0.0000   0.0000   0.0000   0.0000   0.0000 
  0.2000   0.4256   3.1897   0.4053   3.1978   0.1662   1.8566   0.1497   1.8627   0.0902  -0.0004   0.1804   0.0090  -0.0000   0.0180 
  0.3000   0.7782   5.6903   0.7660   5.9740   0.0857   1.7822   0.0476   1.7476   0.1651  -0.0037   0.3286   0.0255  -0.0001   0.0509 
  0.4000   1.1551   7.9033   0.6323   8.6247   0.1099   1.8203   0.1437   1.6065   0.2289  -0.0156   0.4786   0.0485  -0.0005   0.0988 
  0.5000   0.9727   9.7554   0.7822  10.5336   0.1679   1.8705   0.0918   1.4074   0.2755  -0.0121   0.6018   0.0760   0.0010   0.1589 
  0.6000   1.1835  10.3148   0.9849  11.2469  -0.0502   1.8186   0.0026   1.1780   0.2966  -0.0141   0.6297   0.1055   0.0043   0.2219 
  0.7000   0.9646  10.9470   0.7660  11.8954  -0.0346   1.5303   0.0390   0.8154   0.3072  -0.0143   0.6854   0.1358   0.0097   0.2904 
  0.8000   0.8025  11.2388   0.7336  12.4790  -0.0113   1.1512   0.0303   0.4761   0.3157  -0.0164   0.7202   0.1665   0.0171   0.3625 
  0.9000   1.0983  11.5428   1.0011  11.8832  -0.1999   0.8266   0.1662   0.5280   0.3191  -0.0055   0.6924   0.1966   0.0280   0.4317 
  1.0000   1.0213  11.6117   0.9160  11.4455  -0.1999   0.6128   0.1601   0.5029   0.3124   0.0008   0.6857   0.2249   0.0411   0.5003 
  1.1000   0.7336  11.5914   0.7944  10.6674  -0.0788   0.5185   0.0935   0.6232   0.2973   0.0123   0.6731   0.2504   0.0564   0.5676 
  1.2000   0.8998  10.8579   0.7214  10.2499  -0.1904   0.5427   0.0130   0.6717   0.2841   0.0054   0.6327   0.2741   0.0722   0.6309 
  1.3000   0.8998  10.8133   0.6809   9.9257  -0.2302   0.5695   0.0156   0.7262   0.2790   0.0084   0.6220   0.2961   0.0893   0.6931 
  1.4000   0.9038  10.2418   0.9484   9.5812  -0.2545   0.6587   0.0095   0.8076   0.2709   0.0088   0.5835   0.3164   0.1073   0.7514 
  1.5000   1.0132  10.2134   0.8673   9.4596  -0.3358   0.7167   0.1420   0.8794   0.2694   0.0076   0.5777   0.3356   0.1262   0.8092 
  1.6000   1.1591  10.2661   1.0132   9.3785  -0.4761   0.8431   0.1229   0.9140   0.2727   0.0093   0.5673   0.3537   0.1466   0.8659 
  1.7000   0.9889   9.5082   1.0578  10.1324  -0.4440   1.2880   0.1264   0.6310   0.2711  -0.0069   0.5712   0.3718   0.1668   0.9230 
  1.8000   1.0983   8.6936   0.5998  10.2864  -0.5548   1.7251   0.0277   0.4423   0.2585  -0.0261   0.5611   0.3895   0.1858   0.9791 
  1.9000   0.6079   9.2286   0.6363   9.8041  -0.3090   1.4377   0.0424   0.6206   0.2535  -0.0068   0.5775   0.4042   0.2065   1.0369 
  2.0000   0.5634   9.3988   0.6809   9.1961  -0.2874   1.3884   0.0398   0.9616   0.2480   0.0040   0.5633   0.4165   0.2280   1.0932 
  2.1000   0.3080   9.5933   0.6120   9.5001  -0.1125   1.3546   0.0840   0.8751   0.2502   0.0050   0.5900   0.4275   0.2505   1.1522 
  2.2000   0.4134   9.3015   0.4782   9.4758  -0.0528   1.5416   0.2190   1.0153   0.2459  -0.0014   0.5807   0.4376   0.2729   1.2103 
  2.3000   0.3931   9.1799   0.2189   9.4515  -0.0372   1.6126   0.3601   1.0257   0.2405  -0.0056   0.5850   0.4466   0.2952   1.2688 
  2.4000   0.2594   9.2894   0.3688   9.1110   0.0415   1.5147   0.3990   1.3200   0.2379   0.0036   0.5770   0.4534   0.3180   1.3265 
  2.5000   0.5634   9.7919   0.6242   9.0989   0.0840   1.2984   0.3133   1.4187   0.2510   0.0094   0.5748   0.4585   0.3426   1.3840 
  2.6000   0.3891  10.9713   1.0578   9.4839   0.0649   1.0041   0.0952   1.2663   0.2738   0.0270   0.6172   0.4610   0.3700   1.4457 
  2.7000   0.8876  10.8822   1.0497   9.6339   0.1203   0.9573   0.0744   1.0413   0.2807   0.0176   0.6032   0.4627   0.3981   1.5060 
  2.8000   1.0740  10.8497   1.0011   9.9014  -0.0173   0.9296   0.0649   0.8837   0.2853   0.0109   0.6064   0.4635   0.4266   1.5666 
  2.9000   0.9241  10.0918   0.8916  10.7160  -0.0173   1.0266   0.1056   0.6552   0.2828  -0.0082   0.6166   0.4644   0.4549   1.6283 
  3.0000   1.1429  10.7160   1.0335   9.7028  -0.2181   0.7989   0.0476   0.7885   0.2824   0.0113   0.5923   0.4617   0.4830   1.6875 
  3.1000   1.1591  10.2621   1.4023   9.8406  -0.1523   0.9625   0.0658   0.7591   0.2833   0.0083   0.5695   0.4575   0.5111   1.7445 
  3.2000   0.9241   9.4028   1.2645  10.4445  -0.1852   1.3338   0.0883   0.6648   0.2754  -0.0088   0.5733   0.4536   0.5384   1.8018 
  3.3000   0.6485   9.3907   0.9605  10.3999  -0.1004   1.3615   0.0242   0.6596   0.2675  -0.0087   0.5903   0.4484   0.5646   1.8609 
  3.4000   0.8187   9.2813   0.8309  10.2783  -0.1740   1.4247   0.0078   0.6544   0.2651  -0.0123   0.5815   0.4420   0.5903   1.9190 
  3.5000   0.7579   9.5082   0.5877  10.2742  -0.1922   1.3278   0.0130   0.6180   0.2641  -0.0117   0.5986   0.4340   0.6156   1.9789 
  3.6000   0.7822   9.6541   0.5877  10.0229  -0.1973   1.2360   0.0182   0.6561   0.2631  -0.0070   0.5944   0.4242   0.6400   2.0383 
  3.7000   0.6728   9.6663   0.6079   9.5447  -0.1619   1.1832   0.0095   0.8292   0.2561   0.0007   0.5822   0.4126   0.6628   2.0965 
  3.8000   0.6687   9.6420   0.6120   9.6947  -0.1316   1.1616   0.0156   0.7773   0.2577  -0.0014   0.5862   0.3998   0.6852   2.1551 
  3.9000   0.7538   9.5082   0.6120   9.7028  -0.1835   1.2144   0.0234   0.7652   0.2572  -0.0042   0.5794   0.3860   0.7069   2.2131 
  4.0000   0.6687   9.5974   0.6687   9.6460  -0.1463   1.1287   0.0216   0.7383   0.2573  -0.0006   0.5814   0.3706   0.7275   2.2712 
  4.1000   0.8552  10.1526   0.8268   9.5731  -0.2389   0.8379   0.0061   0.8110   0.2676   0.0069   0.5858   0.3529   0.7475   2.3298 
  4.2000   0.8309   9.8649   0.9281   9.5366  -0.2034   0.9539   0.0364   0.8206   0.2645   0.0053   0.5728   0.3343   0.7664   2.3871 
  4.3000   0.7295  10.6876   0.8673   9.3988  -0.1982   0.5964   0.1454   0.9071   0.2710   0.0178   0.6003   0.3133   0.7836   2.4471 
  4.4000   0.9646  10.4201   0.8268   9.2569  -0.3445   0.7833   0.0433   1.0344   0.2684   0.0128   0.5807   0.2919   0.7998   2.5052 
  4.5000   0.8309   9.6784   0.8187   9.3866  -0.2666   1.1209   0.0467   0.9158   0.2589   0.0035   0.5654   0.2708   0.8149   2.5617 
  4.6000   0.4904   9.2205   0.8673  10.0797  -0.1238   1.4143   0.0433   0.6985   0.2582  -0.0060   0.5825   0.2496   0.8296   2.6200 
  4.7000   0.5958   9.1799   0.8025  10.3715  -0.0874   1.4576   0.0649   0.5592   0.2619  -0.0123   0.5894   0.2275   0.8437   2.6789 
  4.8000   0.4539   9.3623   0.8916  10.5823  -0.0372   1.4048   0.0251   0.4215   0.2661  -0.0098   0.6039   0.2041   0.8564   2.7393 
  4.9000   0.5998   9.4109   0.9362  10.4201  -0.0580   1.3728   0.0225   0.4588   0.2671  -0.0084   0.5940   0.1798   0.8677   2.7987 
  5.0000   0.5512   9.6541   0.6566  10.1770  -0.0286   1.2603   0.0320   0.5384   0.2630  -0.0052   0.6047   0.1552   0.8770   2.8592 
  5.1000   0.6120   9.6460   0.5512   9.6825   0.0069   1.2187   0.0095   0.7522   0.2561  -0.0012   0.5898   0.1307   0.8843   2.9182 
  5.2000   0.5471   9.7554   0.4661   9.5812   0.0346   1.1071   0.0260   0.7842   0.2544   0.0012   0.5949   0.1058   0.8898   2.9776 
  5.3000   0.6687   9.7676   0.5958   9.5325   0.0597   1.0846   0.0069   0.7851   0.2571   0.0020   0.5856   0.0805   0.8938   3.0362 
  5.4000   0.5107   9.8973   0.6971   9.6663   0.0476   0.9348   0.0078   0.7885   0.2596   0.0052   0.5960   0.0546   0.8960   3.0958 
  5.5000   0.5228   9.8000   0.7093   9.6906   0.0606   0.9400   0.0286   0.7617   0.2590   0.0037   0.5928   0.0287   0.8968   3.1551 
  5.6000   0.6687   9.7433   0.7538   9.4596   0.0563   0.9097   0.1290   0.8967   0.2578   0.0046   0.5773   0.0029   0.8960   3.2128 
  5.7000   0.7093   9.5366   0.6606   9.3299   0.1333   1.0067   0.0138   0.9677   0.2530   0.0020   0.5681  -0.0223   0.8940   3.2696 
  5.8000   0.9160  10.0311   0.7295   9.2772   0.0900   0.8439   0.0450   1.0750   0.2619   0.0071   0.5735  -0.0482   0.8900   3.3270 
  5.9000   0.8552  10.3472   0.8146   9.5366   0.0805   0.7634   0.1143   0.9634   0.2694   0.0096   0.5914  -0.0745   0.8840   3.3861 
  6.0000   1.0376  10.1324   0.8430   9.4393  -0.0390   0.7453   0.0615   1.0517   0.2682   0.0062   0.5744  -0.1004   0.8769   3.4435 
  6.1000   0.9038   9.4961   0.8268   9.9095  -0.0147   1.1131   0.0320   0.8223   0.2642  -0.0061   0.5739  -0.1258   0.8697   3.5009 
  6.2000   0.9484   9.2894   0.8025  10.5052  -0.0718   1.3235   0.0589   0.6024   0.2693  -0.0170   0.5858  -0.1516   0.8618   3.5595 
  6.3000   0.7052   9.0989   0.9524  10.6512   0.0286   1.5018   0.0164   0.4510   0.2676  -0.0163   0.5874  -0.1767   0.8524   3.6182 
  6.4000   0.6485   9.5447   0.8998  10.3229   0.0043   1.3451   0.0753   0.4916   0.2677  -0.0066   0.5948  -0.2008   0.8407   3.6777 
  6.5000   0.8511   9.4596   0.7093  10.0229  -0.0563   1.3754   0.0113   0.6007   0.2630  -0.0088   0.5819  -0.2239   0.8280   3.7359 
  6.6000   0.7052   9.7757   0.5715  10.0189   0.0173   1.1867   0.0087   0.5886   0.2634  -0.0047   0.6012  -0.2459   0.8137   3.7960 
  6.7000   0.6444  10.0229   0.6444   9.7919   0.0597   1.0119   0.0043   0.6293   0.2638   0.0029   0.6015  -0.2667   0.7974   3.8562 
  6.8000   0.6809   9.8487   0.5877   9.7190   0.0658   1.0058   0.0138   0.6604   0.2605   0.0005   0.5941  -0.2863   0.7803   3.9156 
  6.9000   0.9605   9.6784   0.5269   9.4636  -0.0753   1.0811   0.0260   0.7946   0.2579  -0.0027   0.5732  -0.3050   0.7625   3.9729 
  7.0000   0.9403   9.7636   0.5269   9.3420  -0.0961   1.0621   0.0216   0.8837   0.2572   0.0001   0.5727  -0.3223   0.7435   4.0302 
  7.1000   1.1065   9.7068   0.7052   9.5366  -0.2077   0.9478   0.0580   0.8214   0.2632  -0.0029   0.5660  -0.3391   0.7232   4.0868 
  7.2000   0.9403   9.4515   0.7457   9.5812  -0.1497   1.0214   0.0571   0.7773   0.2590  -0.0041   0.5632  -0.3546   0.7025   4.1431 
  7.3000   0.9768   9.3907   0.8876   9.3745  -0.2147   1.0629   0.0632   0.8682   0.2579  -0.0009   0.5487  -0.3686   0.6808   4.1980 
  7.4000   0.8065   9.2894   0.8390   9.5974  -0.1714   1.1928   0.0320   0.7556   0.2567  -0.0034   0.5598  -0.3815   0.6586   4.2540 
  7.5000   0.7701  10.3107   1.0092   9.3988  -0.1177   0.7340  -0.0857   0.8846   0.2686   0.0144   0.5822  -0.3921   0.6339   4.3122 
  7.6000   0.8025  10.4728   0.8309   9.3866  -0.1688   0.8586  -0.0173   0.9253   0.2687   0.0139   0.5918  -0.4013   0.6086   4.3713 
  7.7000   0.7579  10.3593   0.9119   9.9459  -0.1281   0.9244  -0.0710   0.6786   0.2747   0.0071   0.6050  -0.4098   0.5825   4.4318 
  7.8000   0.5593  10.0837   0.8065  10.1689  -0.0199   1.0750   0.0277   0.5496   0.2702   0.0020   0.6132  -0.4171   0.5565   4.4932 
  7.9000   0.7295   9.6582   0.8673  10.4242  -0.0831   1.2308   0.0294   0.4293   0.2710  -0.0079   0.6002  -0.4238   0.5302   4.5532 
  8.0000   0.5228   9.6176   0.8876  10.3148   0.0277   1.1200   0.0493   0.4717   0.2668  -0.0042   0.6014  -0.4284   0.5039   4.6133 
  8.1000   0.6687   9.6055   0.9119  10.2053   0.0225   1.0647   0.0095   0.4916   0.2674  -0.0045   0.5919  -0.4315   0.4773   4.6725 
  8.2000   0.7457   9.1840   1.1186  10.2053   0.0441   1.2412   0.0268   0.5765   0.2657  -0.0081   0.5690  -0.4334   0.4508   4.7294 
  8.3000   0.9484   9.3137   0.6120   9.9216  -0.0658   1.1287   0.0095   0.6717   0.2599  -0.0118   0.5739  -0.4341   0.4248   4.7868 
  8.4000   0.9241   9.3258   0.4742   9.4474  -0.0918   1.1244   0.0061   0.8431   0.2521  -0.0071   0.5641  -0.4329   0.3996   4.8432 
  8.5000   0.7579   9.3056   0.4661   9.5731  -0.0130   1.0482   0.0303   0.8387   0.2513  -0.0070   0.5732  -0.4303   0.3746   4.9005 
  8.6000   1.0132   9.4150   0.5512   9.7392  -0.1697   1.0949   0.0225   0.7608   0.2590  -0.0098   0.5711  -0.4265   0.3490   4.9576 
  8.7000   1.0821   9.1191   0.7336   9.7392  -0.2328   1.2672   0.0589   0.7652   0.2584  -0.0121   0.5533  -0.4214   0.3236   5.0130 
  8.8000   0.9119   9.3177   0.7417   9.7554  -0.2969   1.1512   0.0926   0.7669   0.2591  -0.0076   0.5656  -0.4144   0.2987   5.0695 
  8.9000   0.8795  10.1648   0.7903   9.6784  -0.2328   0.7868   0.0796   0.8327   0.2689   0.0050   0.5900  -0.4046   0.2736   5.1285 
  9.0000   0.8754  10.6147   0.8633   9.7190  -0.1878   0.6656   0.0130   0.6301   0.2759   0.0110   0.6037  -0.3924   0.2488   5.1889 
  9.1000   0.7822  10.5904   0.8390   9.6906  -0.1792   0.6890   0.0320   0.5470   0.2738   0.0120   0.6058  -0.3788   0.2251   5.2495 
  9.2000   0.8552  10.4323   0.7579   9.6906  -0.2034   0.7582   0.0641   0.6570   0.2717   0.0081   0.6010  -0.3642   0.2021   5.3096 
  9.3000   0.8268  10.3512   0.9038   9.8487  -0.1965   0.7236   0.0537   0.4458   0.2741   0.0072   0.5997  -0.3482   0.1799   5.3696 
  9.4000   0.7214  10.0473   0.8754  10.3756  -0.0788   0.8829   0.0969   0.3601   0.2752  -0.0022   0.6112  -0.3315   0.1579   5.4307 
  9.5000   0.9646   9.9014   0.8187  10.3593  -0.2545   0.8933   0.0104   0.3367   0.2755  -0.0075   0.5999  -0.3140   0.1367   5.4907 
  9.6000   1.0619   9.7636   0.8511  10.0918  -0.2233   0.9201   0.0199   0.4925   0.2721  -0.0067   0.5825  -0.2953   0.1169   5.5489 
  9.7000   0.7457   9.4717   0.9038   9.9743  -0.1852   1.0491   0.0225   0.5436   0.2637  -0.0043   0.5778  -0.2760   0.0989   5.6067 
  9.8000   0.9241   9.4717   0.7174   9.7068  -0.3203   1.1036   0.0104   0.7106   0.2603  -0.0055   0.5694  -0.2561   0.0821   5.6636 
  9.9000   1.0578   9.3380   0.7457   9.4393  -0.4094   1.1460   0.0095   0.8240   0.2573  -0.0052   0.5511  -0.2355   0.0668   5.7188 
 10.0000   1.2564   9.0989   0.6566   9.5082  -0.5704   1.3763   0.0043   0.8379   0.2565  -0.0126   0.5420  -0.2145   0.0520   5.7730 
 10.1000   0.8998   9.0381   0.5998   9.5569  -0.4579   1.4351   0.0554   0.8353   0.2512  -0.0102   0.5550  -0.1930   0.0388   5.8285 
 10.2000   0.8065   9.5609   0.7214   9.4515  -0.3575   1.1737   0.0788   0.8915   0.2568   0.0003   0.5677  -0.1700   0.0276   5.8852 
 10.3000   0.8309  10.5944   0.6566   9.6541  -0.3523   0.7989   0.0104   0.7989   0.2717   0.0096   0.6091  -0.1445   0.0179   5.9461 
 10.4000   0.5471  10.7971   0.7903   9.8487  -0.2389   0.5825   0.0424   0.7236   0.2748   0.0149   0.6269  -0.1181   0.0103   6.0088 
 10.5000   0.6323  10.6309   0.7336   9.8649  -0.2735   0.6232   0.0632   0.6596   0.2733   0.0108   0.6211  -0.0915   0.0039   6.0709 
 10.6000   0.7336  10.5904   0.8754   9.7636  -0.2917   0.6059   0.1177   0.6249   0.2745   0.0121   0.6086  -0.0644  -0.0007   6.1318 
 10.7000   0.7093  10.2134   0.7944   9.8041  -0.2424   0.7721   0.1056   0.5401   0.2690   0.0062   0.6011  -0.0377  -0.0041   6.1919 
 10.8000   0.9605   9.8649   0.9119  10.3877  -0.3843   0.9340   0.0840   0.3722   0.2766  -0.0071   0.5968  -0.0103  -0.0074   6.2516 
 10.9000   0.5715   9.4109   0.9889  10.2985  -0.1757   1.1322   0.0615   0.3895   0.2659  -0.0059   0.5893   0.0163  -0.0088   6.3105 
 11.0000   0.6323   9.2691   1.0132  10.2296  -0.2302   1.2196   0.0641   0.3869   0.2643  -0.0072   0.5797   0.0427  -0.0088   6.3685 
 11.1000   0.9362   9.2529   1.0011  10.1445  -0.3774   1.3018   0.0883   0.4397   0.2667  -0.0103   0.5669   0.0694  -0.0076   6.4252 
 11.2000   1.0497   9.1435   0.5634  10.0959  -0.4994   1.3615   0.0234   0.4839   0.2607  -0.0180   0.5723   0.0955  -0.0057   6.4824 
 11.3000   0.9889   9.2286   0.5958   9.6055  -0.4839   1.4083   0.0190   0.7357   0.2552  -0.0096   0.5600   0.1207  -0.0016   6.5384 
