0.1 0 0
0.1 0 0
0.1 0 0
0.1 0 0
0.1 0 0
0.1 0 0
0.1 0 0
0.1 0 0
0.1 0 0
0.1 0 0
0.1 0 0
0.1 0 0
0.1 0 0
0.1 0 0
0.1 0 0
0.1 0 0
0.1 0 0
0.1 0 0
0.1 0 0
0.1 0 0
0.1 0 0
0.1 0 0
0.1 0 0
0.1 0 0
0.1 0 0
0.1 0 0
0.1 0 0
0.1 0 0
0.1 0 0
0.1 0 0
0.1 0 0
0.1 0 0
0.1 0 0
0.1 0 0
0.1 0 0
0.1 0 0
0.1 0 0
0.1 0 0
0.1 0 0
0.1 0 0
0 0.1 0
0 0.1 0
0 0.1 0
0 0.1 0
0 0.1 0
0 0.1 0
0 0.1 0
0 0.1 0
0 0.1 0
0 0.1 0
0 0.1 0
0 0.1 0
0 0.1 0
0 0.1 0
0 0.1 0
0 0.1 0
0 0.1 0
0 0.1 0
0 0.1 0
0 0.1 0
0 0.1 0
0 0.1 0
0 0.1 0
0 0.1 0
0 0.1 0
0 0.1 0
0 0.1 0
0 0.1 0
0 0.1 0
0 0.1 0
0 0.1 0
0 0.1 0
0 0.1 0
0 0.1 0
0 0.1 0
0 0.1 0
0 0.1 0
0 0.1 0
0 0.1 0
0 0.1 0
-0.05 0.087 0
-0.05 0.087 0
-0.05 0.087 0
-0.05 0.087 0
-0.05 0.087 0
-0.05 0.087 0
-0.05 0.087 0
-0.05 0.087 0
-0.05 0.087 0
-0.05 0.087 0
-0.05 0.087 0
-0.05 0.087 0
-0.05 0.087 0
-0.05 0.087 0
-0.05 0.087 0
-0.05 0.087 0
-0.05 0.087 0
-0.05 0.087 0
-0.05 0.087 0
-0.05 0.087 0
-0.05 0.087 0
-0.05 0.087 0
-0.05 0.087 0
-0.05 0.087 0
-0.05 0.087 0
-0.05 0.087 0
-0.05 0.087 0
-0.05 0.087 0
-0.05 0.087 0
-0.05 0.087 0
-0.05 0.087 0
-0.05 0.087 0
-0.05 0.087 0
-0.05 0.087 0
-0.05 0.087 0
-0.05 0.087 0
-0.05 0.087 0
-0.05 0.087 0
-0.05 0.087 0
-0.05 0.087 0
-0.05 -0.087 0
-0.05 -0.087 0
-0.05 -0.087 0
-0.05 -0.087 0
-0.05 -0.087 0
-0.05 -0.087 0
-0.05 -0.087 0
-0.05 -0.087 0
-0.05 -0.087 0
-0.05 -0.087 0
-0.05 -0.087 0
-0.05 -0.087 0
-0.05 -0.087 0
-0.05 -0.087 0
-0.05 -0.087 0
-0.05 -0.087 0
-0.05 -0.087 0
-0.05 -0.087 0
-0.05 -0.087 0
-0.05 -0.087 0
-0.05 -0.087 0
-0.05 -0.087 0
-0.05 -0.087 0
-0.05 -0.087 0
-0.05 -0.087 0
-0.05 -0.087 0
-0.05 -0.087 0
-0.05 -0.087 0
-0.05 -0.087 0
-0.05 -0.087 0
-0.05 -0.087 0
-0.05 -0.087 0
-0.05 -0.087 0
-0.05 -0.087 0
-0.05 -0.087 0
-0.05 -0.087 0
-0.05 -0.087 0
-0.05 -0.087 0
-0.05 -0.087 0
-0.05 -0.087 0
0 -0.1 0
0 -0.1 0
0 -0.1 0
0 -0.1 0
0 -0.1 0
0 -0.1 0
0 -0.1 0
0 -0.1 0
0 -0.1 0
0 -0.1 0
0 -0.1 0
0 -0.1 0
0 -0.1 0
0 -0.1 0
0 -0.1 0
0 -0.1 0
0 -0.1 0
0 -0.1 0
0 -0.1 0
0 -0.1 0
0 -0.1 0
0 -0.1 0
0 -0.1 0
0 -0.1 0
0 -0.1 0
0 -0.1 0
0 -0.1 0
0 -0.1 0
0 -0.1 0
0 -0.1 0
0 -0.1 0
0 -0.1 0
0 -0.1 0
0 -0.1 0
0 -0.1 0
0 -0.1 0
0 -0.1 0
0 -0.1 0
0 -0.1 0
0 -0.1 0
