t, omega_1,     omega_2,    omega_3,    omega_4,     M1,     M2,     M3,    M4,     Vx_o,       Vy_o,   dpsi,    x0,       y0,         psi 
  0.1000   0.0162   0.0000  -0.0000   0.0000  -0.0398   0.0338   0.0727  -0.3523   0.0002  -0.0002  -0.0005   0.0000  -0.0000  -0.0001 
  0.2000   0.5998   0.7457   0.7903   0.7214   0.5877   0.7401   0.7210   0.1870   0.0357   0.0027   0.0025   0.0036   0.0002   0.0002 
  0.3000   1.3861   1.3050   1.3780   1.3375   0.5626   0.6423   0.6596   0.1601   0.0676  -0.0005  -0.0039   0.0104   0.0002  -0.0002 
  0.4000   2.2008   1.9333   1.8481   1.8036   0.2536   0.5116   0.5557   0.1134   0.0973  -0.0028  -0.0101   0.0201  -0.0001  -0.0012 
  0.5000   2.2008   2.0589   2.1683   2.0427   0.3367   0.5029   0.4536   0.0995   0.1059  -0.0002  -0.0087   0.0307  -0.0001  -0.0021 
  0.6000   2.2980   2.2413   2.3710   2.2737   0.3281   0.4588   0.3938   0.0580   0.1148   0.0005  -0.0050   0.0422  -0.0001  -0.0026 
  0.7000   2.3629   2.3264   2.4845   2.2534   0.3047   0.3869   0.3203   0.0718   0.1178   0.0024  -0.0087   0.0539   0.0001  -0.0034 
  0.8000   2.1805   2.3142   2.7479   2.4075   0.3791   0.3791   0.1428   0.0242   0.1206   0.0059  -0.0067   0.0660   0.0007  -0.0041 
  0.9000   2.4358   2.4601   2.4682   2.4318   0.2147   0.2666   0.2294   0.0372   0.1224   0.0008  -0.0004   0.0782   0.0007  -0.0042 
  1.0000   2.3386   2.3021   2.3872   2.3021   0.2121   0.3497   0.2164   0.0675   0.1166   0.0006  -0.0039   0.0899   0.0007  -0.0046 
  1.1000   2.3588   2.5574   2.3710   2.0305   0.1368   0.1420   0.1818   0.0251   0.1165   0.0067  -0.0046   0.1016   0.0013  -0.0050 
  1.2000   2.1521   2.1805   2.4723   2.1562   0.2571   0.3419   0.0969   0.0268   0.1120   0.0043  -0.0093   0.1128   0.0017  -0.0059 
  1.3000   2.3345   2.2129   2.1521   2.1886   0.1238   0.2865   0.2129   0.0424   0.1111  -0.0020  -0.0028   0.1239   0.0014  -0.0062 
  1.4000   2.1440   2.1683   2.1562   2.1278   0.1645   0.2701   0.1939   0.0658   0.1075   0.0007  -0.0001   0.1346   0.0014  -0.0062 
  1.5000   2.1156   2.1278   2.1683   2.0711   0.1809   0.2830   0.1783   0.0710   0.1060   0.0014  -0.0028   0.1452   0.0015  -0.0065 
  1.6000   2.0954   2.3750   2.1805   1.9008   0.1844   0.1420   0.1601   0.0173   0.1069   0.0070  -0.0000   0.1559   0.0021  -0.0065 
  1.7000   1.9859   1.9697   2.3264   2.0103   0.2259   0.3566   0.0727   0.0173   0.1037   0.0037  -0.0108   0.1663   0.0025  -0.0076 
  1.8000   2.1926   2.0670   2.1197   2.0954   0.1203   0.2770   0.1463   0.0138   0.1059  -0.0013  -0.0049   0.1769   0.0022  -0.0081 
  1.9000   1.9941   2.0103   2.0467   2.0224   0.2467   0.3384   0.1783   0.0450   0.1009   0.0005  -0.0003   0.1870   0.0022  -0.0081 
  2.0000   1.9941   2.0224   2.0305   2.0589   0.2666   0.3583   0.1878   0.0563   0.1013  -0.0000   0.0018   0.1971   0.0021  -0.0079 
  2.1000   2.0224   2.1886   2.0062   1.9008   0.2398   0.2398   0.2095   0.1290   0.1015   0.0034   0.0020   0.2072   0.0024  -0.0077 
  2.2000   1.9819   1.9495   2.2899   2.0792   0.3081   0.4060   0.0701   0.0762   0.1038   0.0022  -0.0079   0.2176   0.0025  -0.0085 
  2.3000   2.2656   2.1643   2.1197   2.0954   0.1619   0.2579   0.1437   0.0762   0.1081  -0.0010  -0.0041   0.2284   0.0023  -0.0089 
  2.4000   2.1643   2.1197   2.2008   2.1400   0.1878   0.2926   0.1065   0.0554   0.1078   0.0002  -0.0034   0.2392   0.0023  -0.0093 
  2.5000   2.0467   2.0792   2.1156   2.1156   0.2398   0.3367   0.1333   0.0762   0.1045   0.0004   0.0011   0.2497   0.0022  -0.0092 
  2.6000   1.9819   2.3102   2.0670   1.8522   0.3081   0.1930   0.1558   0.2432   0.1026   0.0068   0.0037   0.2599   0.0028  -0.0088 
  2.7000   1.9738   1.9008   2.2615   1.9454   0.2995   0.4579   0.0658   0.1818   0.1010   0.0030  -0.0126   0.2700   0.0030  -0.0101 
  2.8000   2.1683   2.1156   2.0346   2.0913   0.2060   0.3462   0.1575   0.1350   0.1051  -0.0014   0.0001   0.2805   0.0028  -0.0100 
  2.9000   2.1035   2.0589   2.1197   2.1805   0.2337   0.3540   0.1220   0.1073   0.1058  -0.0013   0.0005   0.2911   0.0025  -0.0100 
  3.0000   2.0305   2.0427   2.0589   2.0711   0.2900   0.3765   0.1645   0.1593   0.1025   0.0000   0.0008   0.3014   0.0024  -0.0099 
  3.1000   1.9981   2.4845   2.0792   1.9981   0.3168   0.1272   0.1575   0.2302   0.1070   0.0071   0.0132   0.3121   0.0030  -0.0086 
  3.2000   1.9130   2.0184   2.1319   2.2656   0.3938   0.3912   0.1281   0.0935   0.1041  -0.0004   0.0078   0.3225   0.0029  -0.0078 
  3.3000   2.3142   2.1440   2.0954   2.0832   0.1671   0.3185   0.1446   0.1489   0.1080  -0.0020  -0.0059   0.3333   0.0026  -0.0084 
  3.4000   2.1440   2.0954   2.0832   2.0832   0.2597   0.3289   0.1506   0.1506   0.1051  -0.0006  -0.0016   0.3438   0.0025  -0.0086 
  3.5000   2.0184   1.9981   2.1075   2.1440   0.3151   0.3739   0.1359   0.1220   0.1034  -0.0007   0.0005   0.3541   0.0023  -0.0085 
  3.6000   2.0062   2.0062   2.0103   1.8644   0.3220   0.3575   0.1878   0.2822   0.0986   0.0018  -0.0047   0.3640   0.0024  -0.0090 
  3.7000   1.7995   1.9697   2.2251   2.1926   0.4397   0.3886   0.0883   0.1047   0.1023   0.0025   0.0045   0.3742   0.0026  -0.0085 
  3.8000   2.2615   2.1278   2.0913   2.0589   0.2051   0.3220   0.1610   0.1662   0.1067  -0.0013  -0.0054   0.3849   0.0024  -0.0091 
  3.9000   2.1035   2.0832   2.0711   2.0832   0.3021   0.3826   0.1653   0.1714   0.1043  -0.0004  -0.0003   0.3953   0.0022  -0.0091 
  4.0000   1.9697   1.9252   2.0670   2.1440   0.3800   0.4207   0.1688   0.1497   0.1013  -0.0015   0.0011   0.4054   0.0020  -0.0090 
  4.1000   2.0832   1.9941   2.0346   2.0427   0.3203   0.4328   0.1913   0.2164   0.1019  -0.0012  -0.0026   0.4156   0.0018  -0.0093 
  4.2000   0.4539   1.3375   1.6050   0.1621  -0.7375   0.8664   0.4613  -0.7288   0.0445   0.0291  -0.0182   0.4201   0.0046  -0.0111 
  4.3000  -0.3161   1.1956   1.2159  -0.4134  -0.9573   1.0499   0.7660  -0.9963   0.0210   0.0393  -0.0038   0.4223   0.0085  -0.0115 
  4.4000  -0.7417   1.1591   1.2402  -0.8998  -1.1304   1.2430   0.8950  -1.1512   0.0095   0.0505  -0.0078   0.4233   0.0136  -0.0122 
  4.5000  -1.3132   1.3415   1.4712  -1.4510  -1.1400   1.2585   0.8915  -1.1486   0.0006   0.0697  -0.0087   0.4234   0.0205  -0.0131 
  4.6000  -1.8887   1.5807   1.8603  -1.9252  -1.0499   1.2430   0.7591  -1.0681  -0.0047   0.0907  -0.0103   0.4231   0.0296  -0.0141 
  4.7000  -1.9576   2.0467   1.9008  -2.2008  -1.1538   1.0344   0.7998  -1.0205  -0.0026   0.1013  -0.0032   0.4229   0.0398  -0.0144 
  4.8000  -2.2291   1.9576   1.7549  -1.9981  -1.0612   1.1573   0.9244  -1.2326  -0.0064   0.0992   0.0141   0.4224   0.0497  -0.0130 
  4.9000  -2.0548   1.7671   1.7144  -2.3629  -1.1728   1.3278   0.9893  -1.0473  -0.0117   0.0987  -0.0083   0.4214   0.0596  -0.0139 
  5.0000  -2.4196   2.1521   2.0427  -2.3386  -0.9954   1.1339   0.8768  -1.0993  -0.0070   0.1119   0.0062   0.4209   0.0708  -0.0133 
  5.1000  -2.4723   1.9008   2.3467  -2.5169  -0.9140   1.3044   0.6959  -0.9547  -0.0093   0.1155  -0.0159   0.4201   0.0823  -0.0148 
  5.2000  -2.3345   2.5898   2.2008  -2.5453  -0.9642   0.8578   0.7660  -0.8881  -0.0011   0.1209   0.0058   0.4201   0.0944  -0.0143 
  5.3000  -2.4723   1.8360   2.0184  -2.2778  -0.8067   1.3061   0.8604  -1.0326  -0.0112   0.1076   0.0004   0.4192   0.1052  -0.0142 
  5.4000  -2.0832   1.8968   1.8887  -2.0913  -1.0370   1.3183   0.9573  -1.1304  -0.0049   0.0995   0.0000   0.4188   0.1151  -0.0142 
  5.5000  -2.3223   2.1683   2.2129  -2.3629  -0.8768   1.1495   0.7730  -0.9668  -0.0038   0.1133  -0.0028   0.4186   0.1265  -0.0145 
  5.6000  -2.4804   2.2372   2.2859  -2.3021  -0.7539   1.1114   0.7176  -0.9270  -0.0032   0.1163   0.0042   0.4185   0.1381  -0.0141 
  5.7000  -2.2048   2.6790   2.1643  -2.2291  -0.8794   0.8837   0.7634  -0.9487   0.0051   0.1160   0.0159   0.4191   0.1497  -0.0125 
  5.8000  -1.9616   1.7914   1.9130  -2.0711  -0.9686   1.3304   0.9063  -1.0309  -0.0041   0.0967  -0.0075   0.4188   0.1594  -0.0132 
  5.9000  -2.0224   1.9941   2.0224  -2.0184  -0.9712   1.2049   0.8500  -1.0612  -0.0003   0.1007  -0.0008   0.4189   0.1695  -0.0133 
  6.0000  -2.1197   2.2372   2.2251  -2.2737  -0.8898   1.0794   0.7253  -0.8967   0.0009   0.1107  -0.0046   0.4192   0.1805  -0.0138 
  6.1000  -2.2899   2.1400   2.2980  -2.1683  -0.7461   1.1045   0.6873  -0.9227  -0.0003   0.1112  -0.0012   0.4193   0.1916  -0.0139 
  6.2000  -2.0548   2.2008   1.9454  -2.0832  -0.9296   1.1304   0.8638  -0.9539   0.0001   0.1036   0.0074   0.4195   0.2020  -0.0132 
  6.3000  -1.8117   1.6212   1.8603  -2.0103  -1.0759   1.4706   0.9106  -1.0205  -0.0043   0.0913  -0.0142   0.4192   0.2111  -0.0146 
  6.4000  -1.9495   1.9454   2.0103  -2.1197  -1.0110   1.3079   0.8422  -0.9807  -0.0014   0.1003  -0.0076   0.4192   0.2212  -0.0153 
  6.5000  -2.2170   2.2291   2.2778  -2.2534  -0.8509   1.1175   0.6907  -0.8708   0.0005   0.1122  -0.0028   0.4194   0.2324  -0.0156 
  6.6000  -2.3223   2.3507   2.3386  -2.2008  -0.7678   1.0370   0.6388  -0.8863   0.0021   0.1152   0.0043   0.4198   0.2439  -0.0152 
  6.7000  -2.0913   2.2048   2.3142  -2.0346  -0.8941   1.0248   0.6102  -0.9764   0.0049   0.1081  -0.0017   0.4204   0.2547  -0.0154 
  6.8000  -1.8400   1.9859   1.8644  -2.0913  -1.0491   1.2343   0.8820  -0.9565  -0.0010   0.0973  -0.0042   0.4205   0.2644  -0.0158 
  6.9000  -1.9576   2.0224   1.9252  -1.8968  -0.9954   1.2092   0.8526  -1.0837   0.0012   0.0975   0.0051   0.4207   0.2742  -0.0153 
  7.0000  -2.1440   2.1683   2.1764  -2.1926  -0.9132   1.1027   0.7167  -0.9409   0.0001   0.1085  -0.0018   0.4209   0.2850  -0.0154 
  7.1000  -2.2859   2.4115   2.3264  -2.2859  -0.8353   1.0266   0.6042  -0.8560   0.0021   0.1164   0.0028   0.4213   0.2967  -0.0152 
  7.2000  -2.1319   2.1319   2.3467  -2.1683  -0.8976   1.0672   0.5514  -0.9080   0.0022   0.1097  -0.0082   0.4217   0.3076  -0.0160 
  7.3000  -1.7995   1.7428   1.6414  -1.9089  -1.1079   1.3754   0.9807  -1.0984  -0.0041   0.0887  -0.0003   0.4214   0.3165  -0.0160 
  7.4000  -1.9738   1.8968   1.7792  -1.8968  -1.0283   1.2992   0.9426  -1.1131  -0.0024   0.0943   0.0063   0.4213   0.3259  -0.0154 
  7.5000  -2.0548   2.0913   2.0954  -2.1156  -0.9746   1.1824   0.7937  -1.0153   0.0002   0.1045  -0.0021   0.4215   0.3364  -0.0156 
  7.6000  -2.4439   2.2170   2.2859  -2.1440  -0.7877   1.1001   0.6976  -0.9764  -0.0011   0.1136   0.0075   0.4216   0.3477  -0.0148 
  7.7000  -2.0346   2.1075   2.3993  -2.1926  -0.9764   1.1495   0.5912  -0.9305   0.0035   0.1092  -0.0146   0.4221   0.3586  -0.0163 
  7.8000  -1.7995   1.8725   1.7185  -2.0103  -1.1382   1.2923   0.9677  -1.0785  -0.0027   0.0925  -0.0018   0.4220   0.3679  -0.0165 
  7.9000  -1.8887   1.9738   1.8360  -1.8279  -1.1296   1.2637   0.9253  -1.2014   0.0012   0.0941   0.0064   0.4223   0.3773  -0.0158 
  8.0000  -2.0103   2.0224   1.8522  -1.9373  -1.0690   1.2533   0.9426  -1.1763  -0.0009   0.0978   0.0079   0.4223   0.3871  -0.0151 
  8.1000  -2.0467   1.9211   2.1440  -2.0184  -1.0473   1.3520   0.8128  -1.1503  -0.0000   0.1016  -0.0063   0.4225   0.3972  -0.0157 
  8.2000  -2.3467   1.7266   1.5563  -2.6060  -1.3416   0.7418   0.4518  -1.2300  -0.0209   0.1029  -0.0029   0.4205   0.4076  -0.0160 
  8.3000  -2.6668   0.9038   1.0011  -2.9830  -1.2334   1.0742   0.6267  -1.0785  -0.0468   0.0944  -0.0134   0.4160   0.4171  -0.0173 
  8.4000  -3.0924   0.7701   0.3810  -2.6668  -1.0110   1.1374   0.9530  -1.3312  -0.0576   0.0864   0.0264   0.4104   0.4258  -0.0147 
  8.5000  -3.2505   0.6242   0.2310  -2.6912  -0.9106   1.1374   1.0387  -1.3598  -0.0636   0.0850   0.0309   0.4042   0.4344  -0.0116 
  8.6000  -3.6639   0.5026   0.7052  -2.8857  -0.6327   1.2438   0.7851  -1.2923  -0.0668   0.0970   0.0187   0.3976   0.4442  -0.0097 
  8.7000  -3.1370   0.8673   0.5998  -3.7936  -0.9080   0.9928   0.8535  -0.8716  -0.0683   0.1050  -0.0126   0.3909   0.4547  -0.0110 
  8.8000  -3.1897   0.7295   0.7295  -3.2018  -0.8448   1.0949   0.7643  -1.0395  -0.0617   0.0981  -0.0004   0.3848   0.4646  -0.0110 
  8.9000  -3.0802   0.7214   0.8552  -3.0883  -0.8309   1.1555   0.7712  -1.0733  -0.0574   0.0968  -0.0046   0.3792   0.4744  -0.0115 
  9.0000  -3.0194   0.7052   0.7701  -3.4815  -0.8578   1.1928   0.7418  -0.8093  -0.0628   0.0997  -0.0171   0.3730   0.4844  -0.0132 
  9.1000  -3.0194   0.8390   0.8187  -3.1370  -0.8240   1.0612   0.7383  -0.9409  -0.0562   0.0977  -0.0032   0.3675   0.4943  -0.0135 
  9.2000  -2.8614   1.0335   1.0700  -3.0316  -0.9002   0.9244   0.5626  -0.9694  -0.0474   0.1000  -0.0067   0.3629   0.5043  -0.0142 
  9.3000  -3.2343   0.6444   1.2402  -2.9830  -0.7409   1.1780   0.3886  -0.9348  -0.0542   0.1013  -0.0112   0.3577   0.5145  -0.0153 
  9.4000  -2.3872   0.7295   0.8146  -2.9546  -1.1529   1.1348   0.5964  -0.9729  -0.0475   0.0861  -0.0212   0.3530   0.5232  -0.0174 
  9.5000  -2.5209   0.8633   0.8673  -2.6263  -1.1382   1.0084   0.5566  -1.1374  -0.0427   0.0860  -0.0036   0.3489   0.5319  -0.0178 
  9.6000  -2.5412   0.9646   0.6931  -2.5412  -1.1806   0.9348   0.6552  -1.2196  -0.0428   0.0843   0.0088   0.3448   0.5404  -0.0169 
  9.7000  -2.5696   0.5350   0.2675  -2.2737  -1.1815   1.2542   0.9045  -1.4273  -0.0505   0.0706   0.0183   0.3399   0.5475  -0.0151 
  9.8000  -2.5574   0.3931   0.0365  -2.3953  -1.2438   1.3252   1.1460  -1.4351  -0.0565   0.0673   0.0168   0.3343   0.5543  -0.0134 
  9.9000  -2.9465   0.6485   0.3404  -2.4237  -1.0655   1.2222   1.0681  -1.4819  -0.0548   0.0795   0.0270   0.3289   0.5623  -0.0107 
 10.0000  -3.0519   0.8187   0.7538  -2.7763  -1.0413   1.1824   0.8734  -1.3209  -0.0532   0.0925   0.0111   0.3237   0.5716  -0.0096 
 10.1000  -2.9181   0.6687   1.0213  -2.8209  -1.0672   1.2499   0.7098  -1.3027  -0.0506   0.0929  -0.0083   0.3187   0.5810  -0.0104 
 10.2000  -3.0519   1.0376   0.8552  -3.0073  -0.9634   1.0508   0.8197  -1.2300  -0.0521   0.0994   0.0074   0.3136   0.5910  -0.0097 
 10.3000  -3.0802   1.1308   1.0092  -3.0397  -0.9314   0.9175   0.7158  -1.1884  -0.0497   0.1032   0.0053   0.3088   0.6013  -0.0091 
 10.4000  -2.9181   0.8025   1.3132  -2.9587  -0.8967   1.1200   0.4839  -1.1754  -0.0470   0.0999  -0.0179   0.3042   0.6114  -0.0109 
 10.5000  -2.8573   0.7903   1.0335  -3.1532  -0.9642   1.0577   0.6111  -0.9902  -0.0523   0.0979  -0.0175   0.2990   0.6212  -0.0127 
 10.6000  -3.0519   0.8268   0.9484  -3.0681  -0.8500   1.0222   0.6154  -1.0421  -0.0543   0.0987  -0.0045   0.2937   0.6312  -0.0131 
 10.7000  -2.9708   0.9119   0.8633  -2.9546  -0.9002   0.9859   0.6353  -1.0672  -0.0519   0.0963   0.0021   0.2887   0.6409  -0.0129 
 10.8000  -2.5290   0.8065   0.6323  -3.5544  -1.1200   1.0248   0.7539  -0.7141  -0.0581   0.0940  -0.0276   0.2830   0.6503  -0.0157 
 10.9000  -2.5817   0.6363   0.6444  -2.8452  -1.1339   1.1123   0.7366  -1.0707  -0.0518   0.0838  -0.0088   0.2779   0.6588  -0.0166 
 11.0000  -2.6425   0.5512   0.5390  -2.6385  -1.1616   1.1988   0.8180  -1.1954  -0.0524   0.0796   0.0005   0.2728   0.6669  -0.0165 
 11.1000  -2.7236   0.4012   0.6606  -2.6749  -1.1374   1.3096   0.7626  -1.1945  -0.0542   0.0808  -0.0068   0.2675   0.6750  -0.0172 
 11.2000  -2.7601   0.5958   0.3769  -2.6871  -1.1451   1.2438   0.9469  -1.1218  -0.0559   0.0802   0.0095   0.2621   0.6831  -0.0162 
 11.3000  -2.8857   0.5512   0.4539  -2.6871  -1.0664   1.2949   0.9833  -1.2317  -0.0571   0.0822   0.0096   0.2565   0.6915  -0.0153 
 11.4000  -2.8695   0.7417   0.5958  -2.8087  -1.1149   1.2395   0.9288  -1.1876  -0.0543   0.0877   0.0067   0.2512   0.7003  -0.0146 
 11.5000  -3.5747   0.6849   1.0092  -2.8695  -0.7193   1.3070   0.7132  -1.1711  -0.0594   0.1017   0.0124   0.2454   0.7106  -0.0134 
 11.6000  -2.8816   0.9403   0.9484  -2.9911  -1.0733   1.1685   0.7453  -1.0837  -0.0498   0.0970  -0.0038   0.2406   0.7203  -0.0138 
 11.7000  -2.9465   1.0619   1.0740  -3.0276  -1.0127   1.0551   0.6423  -1.0560  -0.0480   0.1014  -0.0030   0.2359   0.7305  -0.0141 
 11.8000  -2.8330   1.0335   0.9970  -3.0276  -1.1001   1.0049   0.6371  -1.0144  -0.0479   0.0986  -0.0051   0.2313   0.7405  -0.0146 
 11.9000  -2.8452   0.7579   0.9038  -3.0194  -1.0898   1.1391   0.6674  -0.9686  -0.0525   0.0941  -0.0104   0.2262   0.7499  -0.0156 
 12.0000  -2.9587   0.8795   0.8876  -2.8452  -0.9720   1.1252   0.6648  -1.0716  -0.0505   0.0946   0.0034   0.2213   0.7595  -0.0153 
 12.1000  -2.8979   1.0092   0.9119  -2.9789  -1.0093   0.9365   0.6163  -0.9850  -0.0494   0.0975   0.0005   0.2165   0.7693  -0.0152 
 12.2000  -0.9524  -0.6242  -0.6363  -1.1227  -0.2242  -0.0727  -0.2545  -0.1108  -0.0417   0.0102  -0.0051   0.2123   0.7704  -0.0157 
 12.3000  -0.6242  -0.8633  -0.6728  -0.4864  -0.0762  -0.3168  -0.8327  -0.0727  -0.0331  -0.0053  -0.0017   0.2090   0.7699  -0.0159 
 12.4000  -0.4012  -0.7903  -1.1916  -0.2229   0.1160  -0.8812  -1.0430   0.0017  -0.0326  -0.0170   0.0188   0.2057   0.7683  -0.0140 
 12.5000  -0.5026  -1.2767  -1.6212  -0.1702   0.5349  -1.0759  -1.1772   0.2320  -0.0446  -0.0278   0.0220   0.2012   0.7655  -0.0118 
 12.6000  -0.1702  -1.8765  -2.0224   0.0284   0.6535  -1.0872  -1.2585   0.3731  -0.0505  -0.0470   0.0112   0.1961   0.7609  -0.0107 
 12.7000  -0.0000  -2.3629  -2.3750   0.0730   0.7738  -1.0110  -1.2854   0.5773  -0.0583  -0.0601   0.0028   0.1902   0.7550  -0.0104 
 12.8000  -0.0243  -2.4845  -2.7155   0.0608   0.9824  -1.1027  -1.1945   0.7608  -0.0645  -0.0655   0.0103   0.1837   0.7485  -0.0094 
 12.9000   0.0243  -2.6425  -2.7763   0.3404   1.1521  -1.1616  -1.2655   0.7556  -0.0632  -0.0723   0.0146   0.1773   0.7413  -0.0079 
 13.0000   0.3769  -2.8735  -3.0559   0.6079   1.0395  -1.1027  -1.1798   0.7011  -0.0618  -0.0864   0.0134   0.1710   0.7327  -0.0066 
 13.1000   0.6687  -2.8209  -3.6841   0.6809   0.9790  -1.1529  -0.8370   0.7228  -0.0644  -0.0982   0.0284   0.1645   0.7229  -0.0038 
 13.2000   0.7782  -3.1410  -3.1370   0.8876   1.0015  -1.0075  -1.0655   0.6275  -0.0577  -0.0993   0.0034   0.1587   0.7130  -0.0034 
 13.3000   0.7701  -2.7884  -3.2018   0.9646   1.0776  -1.2326  -0.9945   0.5903  -0.0532  -0.0966   0.0197   0.1534   0.7034  -0.0014 
 13.4000   0.8511  -2.9424  -2.9465   0.7538   1.0084  -1.1590  -1.1149   0.7115  -0.0535  -0.0937  -0.0030   0.1480   0.6940  -0.0017 
 13.5000   1.0376  -2.9708  -3.1410   0.7417   0.8985  -1.1382  -0.9340   0.7539  -0.0542  -0.0986  -0.0041   0.1426   0.6842  -0.0021 
 13.6000   0.7701  -2.9343  -2.8695   0.7701   1.0975  -1.1261  -1.0361   0.7236  -0.0533  -0.0918  -0.0021   0.1372   0.6750  -0.0024 
 13.7000   0.8430  -2.8127  -2.8492   0.8065   0.9729  -1.1798  -1.0898   0.7124  -0.0502  -0.0914   0.0000   0.1322   0.6659  -0.0024 
 13.8000   1.1916  -3.0397  -3.0559   0.7457   0.8067  -1.0430  -0.9322   0.7539  -0.0520  -0.1004  -0.0139   0.1270   0.6559  -0.0038 
 13.9000   0.8390  -3.4936  -2.9546   1.0254   0.9071  -0.7591  -0.9582   0.5964  -0.0573  -0.1039  -0.0114   0.1212   0.6455  -0.0049 
 14.0000   0.7538  -3.0032  -2.7033   0.7417   0.9824  -0.9989  -1.1062   0.7530  -0.0526  -0.0900  -0.0101   0.1159   0.6365  -0.0059 
 14.1000   0.7417  -3.1248  -2.5898   0.7417   0.9383  -0.8898  -1.1824   0.7669  -0.0529  -0.0900  -0.0174   0.1106   0.6275  -0.0076 
 14.2000   0.7579  -2.8695  -2.5655   0.3891   0.9262  -1.0110  -1.2317   1.0041  -0.0536  -0.0823  -0.0218   0.1051   0.6194  -0.0098 
 14.3000   0.3648  -2.6263  -2.5412   0.5593   1.2144  -1.1824  -1.2862   0.9400  -0.0530  -0.0761   0.0036   0.0998   0.6118  -0.0095 
 14.4000   0.6485  -2.7520  -2.9222   0.7336   1.0724  -1.1166  -1.1209   0.8578  -0.0537  -0.0882   0.0083   0.0943   0.6030  -0.0086 
 14.5000   0.7944  -2.8249  -3.1735   0.8146   1.0015  -1.0984  -0.9642   0.8361  -0.0549  -0.0951   0.0120   0.0887   0.5936  -0.0074 
 14.6000   0.6728  -2.7844  -2.9587   0.8673   1.0923  -1.0949  -1.0603   0.7626  -0.0525  -0.0910   0.0120   0.0834   0.5845  -0.0063 
 14.7000   0.6120  -2.5655  -3.1127   1.0092   1.1417  -1.2750  -0.9694   0.6803  -0.0507  -0.0912   0.0307   0.0783   0.5754  -0.0032 
 14.8000   0.8633  -2.9181  -3.0559   0.9889   0.9642  -1.1175  -0.9660   0.6812  -0.0515  -0.0978   0.0086   0.0731   0.5656  -0.0023 
 14.9000   1.0619  -3.0559  -3.0397   0.8633   0.8786  -1.0309  -0.9097   0.7176  -0.0521  -0.1003  -0.0070   0.0679   0.5556  -0.0030 
 15.0000   0.7822  -3.4328  -3.1005   1.1794   1.0274  -0.8327  -0.8500   0.5098  -0.0571  -0.1062   0.0021   0.0621   0.5450  -0.0028 
 15.1000   0.9281  -2.9708  -3.0397   0.9849   0.8881  -1.0551  -0.8517   0.5678  -0.0512  -0.0990   0.0041   0.0570   0.5351  -0.0024 
 15.2000   1.1956  -3.1167  -3.4328   0.6566   0.6890  -0.9227  -0.5704   0.7314  -0.0587  -0.1050  -0.0072   0.0511   0.5246  -0.0031 
 15.3000   0.7538  -2.9668  -2.5898   0.4053   0.8915  -0.9729  -1.0724   0.8924  -0.0550  -0.0839  -0.0236   0.0455   0.5163  -0.0055 
 15.4000   0.4742  -2.9424  -2.3993   0.2959   1.1226  -0.9850  -1.2360   1.0041  -0.0571  -0.0764  -0.0234   0.0398   0.5087  -0.0078 
 15.5000   0.7336  -3.1491  -2.4237   0.3404   1.0144  -0.8327  -1.2733   1.0569  -0.0562  -0.0831  -0.0363   0.0341   0.5004  -0.0115 
 15.6000   0.6201  -2.9465  -2.6142   0.3810   1.0456  -0.9357  -1.2179   1.0716  -0.0570  -0.0820  -0.0186   0.0283   0.4923  -0.0133 
 15.7000   0.2715  -2.9465  -2.6628   0.5715   1.3122  -0.9703  -1.2412   1.0517  -0.0596  -0.0807   0.0005   0.0222   0.4843  -0.0133 
 15.8000   0.4499  -2.6142  -2.6871   0.7052   1.2871  -1.1451  -1.2637   1.0101  -0.0518  -0.0807   0.0107   0.0170   0.4763  -0.0122 
 15.9000   0.7174  -2.5412  -2.7155   0.8390   1.1607  -1.2611  -1.2767   0.9573  -0.0463  -0.0852   0.0096   0.0122   0.4678  -0.0112 
 16.0000   1.0132  -2.6871  -3.5423   0.8390   0.9859  -1.1971  -0.8240   0.9409  -0.0547  -0.1010   0.0221   0.0066   0.4578  -0.0090 
 16.1000   0.7214  -2.7398  -3.1613   1.1227   1.1244  -1.2109  -1.0084   0.7487  -0.0507  -0.0968   0.0267   0.0015   0.4481  -0.0064 
 16.2000   1.6536  -2.6142  -2.7033   1.7874   1.2819  -0.8457  -0.8067   1.0266  -0.0235  -0.1095   0.0072  -0.0009   0.4372  -0.0056 
 16.3000   2.3507  -2.6993  -2.6506   2.2291   0.9859  -0.6890  -0.7228   0.8760  -0.0096  -0.1241  -0.0055  -0.0020   0.4248  -0.0062 
 16.4000   2.4237  -2.3710  -2.3264   2.1319   0.9790  -0.7600  -0.8102   0.9738  -0.0018  -0.1157  -0.0109  -0.0022   0.4132  -0.0073 
 16.5000   1.9252  -2.0346  -1.7428   2.1562   1.2759  -0.9088  -1.1053   0.9902   0.0038  -0.0982  -0.0020  -0.0019   0.4034  -0.0075 
 16.6000   2.0670  -1.6414  -1.9697   2.4439   1.2014  -1.1218  -0.9582   0.7981   0.0112  -0.1015   0.0229  -0.0009   0.3933  -0.0052 
 16.7000   2.3142  -1.9697  -1.9859   2.2778   1.0370  -0.9738  -0.9651   0.8621   0.0080  -0.1068  -0.0007  -0.0001   0.3826  -0.0053 
 16.8000   2.5169  -2.2008  -2.1197   2.0589   0.8889  -0.8240  -0.8846   0.9720   0.0032  -0.1112  -0.0175   0.0001   0.3714  -0.0070 
 16.9000   2.3629  -2.2778  -1.8725   2.3872   0.9340  -0.7929  -1.0283   0.7920   0.0075  -0.1113  -0.0124   0.0008   0.3603  -0.0082 
 17.0000   2.1156  -1.6414  -1.8725   2.2372   1.0785  -1.0664  -1.0569   0.8543   0.0105  -0.0983   0.0114   0.0018   0.3505  -0.0071 
 17.1000   1.6901  -1.4955  -1.9697   2.2615   1.3425  -1.3148  -1.0067   0.8214   0.0061  -0.0927   0.0340   0.0023   0.3412  -0.0037 
 17.2000   2.0184  -1.9252  -2.1156   2.1156   1.1434  -1.0846  -0.9521   0.8751   0.0012  -0.1022   0.0093   0.0024   0.3310  -0.0028 
 17.3000   2.3223  -2.2494  -1.9981   1.8765   0.9495  -0.9201  -1.0395   1.0292  -0.0006  -0.1056  -0.0226   0.0023   0.3204  -0.0050 
 17.4000   2.3507  -2.4926  -2.4926   2.2251   0.9054  -0.7539  -0.8379   0.8431  -0.0051  -0.1195  -0.0041   0.0017   0.3085  -0.0054 
 17.5000   2.1278  -2.2615  -2.0670   2.2291   1.0266  -0.8353  -0.9997   0.8483   0.0004  -0.1086  -0.0030   0.0017   0.2976  -0.0057 
 17.6000   1.9211  -1.8238  -2.0305   2.2129   1.1270  -1.1209  -1.0110   0.8240   0.0035  -0.0999   0.0162   0.0020   0.2876  -0.0041 
 17.7000   2.2048  -2.1156  -2.0346   2.0913   0.9833  -0.9703  -1.0370   0.8881   0.0018  -0.1056  -0.0063   0.0022   0.2771  -0.0048 
 17.8000   2.2048  -2.2291  -2.1197   2.0346   0.9478  -0.8846  -0.9919   0.9253  -0.0014  -0.1074  -0.0091   0.0020   0.2663  -0.0057 
 17.9000   2.1400  -2.1764  -2.2372   2.2494   0.9893  -0.9262  -0.9556   0.7911  -0.0003  -0.1100   0.0055   0.0019   0.2553  -0.0051 
 18.0000   1.9211  -2.1683  -1.9373   2.2048   1.0794  -0.9331  -1.1010   0.8483   0.0003  -0.1029   0.0017   0.0018   0.2450  -0.0049 
 18.1000   1.7792  -1.7185  -1.9819   2.1886   1.2300  -1.2559  -1.1140   0.8560   0.0033  -0.0959   0.0218   0.0021   0.2355  -0.0028 
 18.2000   1.9697  -2.0305  -2.0711   2.0832   1.1581  -1.0837  -1.0387   0.8959  -0.0006  -0.1019   0.0050   0.0020   0.2253  -0.0023 
 18.3000   2.1805  -2.3102  -2.2170   2.0954   1.0266  -0.9270  -0.9755   0.8941  -0.0031  -0.1100  -0.0058   0.0017   0.2143  -0.0028 
 18.4000   2.1683  -2.4115  -2.1400   2.1319   1.0179  -0.8379  -0.9798   0.8656  -0.0031  -0.1106  -0.0100   0.0014   0.2032  -0.0038 
 18.5000   2.1278  -2.2251  -2.1643   1.9738   1.0352  -0.9391  -0.9677   0.9885  -0.0036  -0.1061  -0.0070   0.0010   0.1926  -0.0045 
 18.6000   1.7792  -1.9008  -2.1400   2.0467   1.2681  -1.1157  -0.9876   0.9383  -0.0027  -0.0983   0.0164   0.0006   0.1827  -0.0029 
 18.7000   1.9454  -1.9981  -2.2615   2.2413   1.1677  -1.1027  -0.8786   0.8249  -0.0009  -0.1056   0.0182   0.0005   0.1722  -0.0011 
 18.8000   2.2899  -2.2413  -2.2372   2.0711   0.9790  -0.9556  -0.8673   0.9374  -0.0015  -0.1105  -0.0072   0.0004   0.1611  -0.0018 
 18.9000   2.2129  -2.2980  -1.9008   2.3953   1.0525  -0.8976  -1.0664   0.7652   0.0051  -0.1101  -0.0070   0.0009   0.1501  -0.0025 
 19.0000   2.1926  -2.0832  -2.1521   2.1156   1.0491  -1.0084  -0.9322   0.8993   0.0009  -0.1068  -0.0003   0.0009   0.1395  -0.0025 
 19.1000   1.7549  -1.7874  -2.1440   2.1643   1.3183  -1.2187  -0.9331   0.8612  -0.0002  -0.0981   0.0249   0.0009   0.1296  -0.0000 
 19.2000   2.1805  -2.2048  -2.1886   2.1886   1.0707  -1.0240  -0.8794   0.8431  -0.0003  -0.1095  -0.0003   0.0009   0.1187  -0.0001 
 19.3000   2.4196  -2.2615  -2.3021   1.9819   0.9019  -0.9279  -0.8076   0.9608  -0.0020  -0.1121  -0.0129   0.0006   0.1075  -0.0013 
 19.4000   2.3386  -2.4682  -1.7874   2.1562   0.9591  -0.7807  -1.1019   0.9331   0.0030  -0.1094  -0.0280   0.0009   0.0965  -0.0041 
 19.5000   1.9454  -2.2656  -2.1319   2.0467   1.0491  -0.9435  -0.9236   0.9288  -0.0051  -0.1049  -0.0011   0.0004   0.0861  -0.0043 
 19.6000   1.5563  -1.6050  -2.1035   2.1521   1.3468  -1.2958  -0.9513   0.8898  -0.0000  -0.0927   0.0355   0.0003   0.0768  -0.0007 
 19.7000   2.1643  -2.1683  -2.2372   2.1926   1.0820  -1.0023  -0.8509   0.8543  -0.0006  -0.1095   0.0032   0.0003   0.0658  -0.0004 
 19.8000   2.2778  -2.3223  -2.3223   1.9252   1.0049  -0.9262  -0.7738   1.0127  -0.0055  -0.1106  -0.0114  -0.0003   0.0548  -0.0015 
 19.9000   2.1643  -2.5290  -1.8968   1.8481   1.0378  -0.7764  -1.0439   1.0681  -0.0052  -0.1055  -0.0308  -0.0008   0.0442  -0.0046 
 20.0000   1.8238  -1.7630  -2.0548   2.1562   1.1330  -1.1772  -0.9547   0.9080   0.0020  -0.0975   0.0203  -0.0007   0.0345  -0.0026 
